(0, [1, 187])
(1, [2, 28, 41, 57, 196, 329])
(2, [3, 326])
(3, [4, 226, 256, 363, 406])
(4, [5, 56, 376])
(5, [6, 70, 142, 155, 162, 170, 219, 268, 292, 308, 310, 368, 426, 457])
(6, [7, 53, 79, 166, 208, 443, 471])
(7, [8, 367, 494])
(8, [9, 192, 267, 601])
(9, [10, 150, 221, 296, 412, 487])
(10, [11, 74, 490])
(11, [12, 77])
(12, [13, 35, 114, 119, 190, 346, 414, 470, 568])
(13, [14, 20, 358, 391, 442, 575, 585])
(14, [15, 23, 27, 127, 186, 189, 191, 204, 223, 234, 273, 313, 448, 483])
(15, [16, 83, 286])
(16, [17, 101, 105, 131, 260, 416])
(17, [18, 78, 108, 188, 252, 342, 355, 513, 521])
(18, [19, 214, 380])
(19, [21, 220, 571])
(20, [22, 40, 146, 172, 580, 594])
(21, [24, 66, 161, 199, 294, 394])
(22, [25, 80])
(23, [26, 458, 590])
(24, [29, 110, 203, 280, 402, 431])
(25, [30, 229])
(26, [31, 125, 233])
(27, [32, 126, 194, 240, 251, 563, 593])
(28, [33, 318, 441, 445, 460, 525, 607])
(29, [34, 58, 215])
(30, [36, 82, 93, 97, 181, 216, 323, 336, 341, 395, 456, 469, 518, 582, 604])
(31, [37, 98, 149, 158, 397, 600, 602])
(32, [38, 382])
(33, [39, 121, 353, 425, 466])
(34, [42, 184, 197, 486])
(35, [43, 202, 275, 404, 579])
(36, [44, 132, 278, 461, 501, 542, 589])
(37, [45, 55, 165, 169, 271])
(38, [46, 147, 432])
(39, [47, 138, 141, 211, 307, 372, 419, 506])
(40, [48, 324])
(41, [49, 116, 133, 212, 247, 290, 409, 478, 610])
(42, [50, 96, 225, 320, 359, 400, 520])
(43, [51, 103, 244, 274, 304, 357, 362, 522])
(44, [52, 154, 287, 322, 375, 499])
(45, [54, 63, 65, 104, 115, 153, 439, 545])
(46, [59, 123, 209, 243, 259, 450, 555])
(47, [60, 99, 606])
(48, [61, 107, 261, 514])
(49, [62, 182, 193, 484, 491, 504, 543, 561, 596])
(50, [64, 160, 352, 390, 519])
(51, [67, 183, 236, 266, 364, 464, 511])
(52, [68, 315, 540])
(53, [69, 167, 210, 526])
(54, [71, 137, 222, 277, 374, 509, 608])
(55, [72, 321, 434, 465])
(56, [73, 284, 291, 587])
(57, [75, 90, 179, 198, 263, 347, 538, 548])
(58, [76, 387])
(59, [81, 314, 581])
(60, [84, 175, 454, 523, 567])
(61, [85, 135, 230, 269, 312, 328, 356, 384, 388, 415, 436, 495, 528, 547, 550, 574, 578, 603, 609, 611])
(62, [86, 163, 272, 311, 345, 389, 480, 544, 595])
(63, [87, 332])
(64, [88, 95, 238, 248, 451])
(65, [89, 316, 558])
(66, [91, 239, 293, 560, 598])
(67, [92, 393])
(68, [94, 100, 134, 237, 285, 327, 330, 334, 339, 350, 386, 417, 440])
(69, [102, 493])
(70, [106, 231])
(71, [109, 366, 565])
(72, [111, 112, 177, 205, 281, 283, 298, 301, 508, 524, 552, 553, 583])
(73, [113, 200])
(74, [117, 157, 295, 319, 418, 444, 468, 475, 557])
(75, [118, 151, 423, 569])
(76, [120, 309, 349])
(77, [122, 299])
(78, [124, 201, 343, 392])
(79, [128, 258])
(80, [129, 171, 227])
(81, [130, 254])
(82, [136, 249, 378])
(83, [139, 255, 303, 512, 530])
(84, [140, 570, 572])
(85, [143, 554])
(86, [144, 245])
(87, [145, 156, 178, 282, 492, 532, 535])
(88, [148, 257, 420])
(89, [152, 288, 405, 541, 592])
(90, [159, 217, 218, 264, 325, 482, 537, 564])
(91, [164, 174, 437])
(92, [168, 429, 467])
(93, [173, 276, 411, 498, 515])
(94, [176, 289, 428])
(95, [180, 474])
(96, [185, 410])
(97, [195, 228, 373])
(98, [206, 333, 591])
(99, [207, 479])
(100, [213, 455])
(101, [224, 472, 489, 497])
(102, [232, 351, 481])
(103, [235, 485])
(104, [241, 531])
(105, [242, 517, 573])
(106, [246, 369, 447, 453])
(107, [250, 435, 476])
(108, [253, 371])
(109, [262, 599])
(110, [265, 398])
(111, [270, 529])
(112, [279, 361, 427, 462, 477, 527])
(113, [297, 433, 510])
(114, [300, 452])
(115, [302, 403])
(116, [305, 502])
(117, [306, 317, 377, 396])
(118, [331, 438, 551])
(119, [335, 401])
(120, [337, 365, 385])
(121, [338, 370, 597])
(122, [340, 507])
(123, [344, 407, 408, 446, 539])
(124, [348, 422, 559])
(125, [354, 500])
(126, [360, 556])
(127, [379, 430])
(128, [381, 421, 449])
(129, [383, 505])
(130, [399, 488, 576])
(131, [413, 534])
(132, [424, 549])
(133, [459, 463, 577])
(134, [473, 496])
(135, [503, 588, 605])
(136, [516, 533, 566])
(137, [536, 562, 586])
(138, [546, 584])

